[[[1200.0,
   1301.639344262295,
   1180.952380952381,
   1171.4285714285713,
   1196.8253968253969,
   1248.3870967741937,
   1150.0,
   1258.0645161290322,
   1196.8253968253969,
   1193.6507936507937],
  [1245.1612903225807,
   1165.079365079365,
   1254.8387096774193,
   1184.126984126984,
   1168.2539682539682,
   1219.3548387096773,
   1190.4761904761904,
   1180.952380952381,
   1115.625,
   1295.0819672131147],
  [1245.1612903225807,
   1146.875,
   1261.2903225806451,
   1115.625,
   1180.952380952381,
   1196.8253968253969,
   1067.6923076923076,
   1196.8253968253969,
   1118.75,
   1193.6507936507937],
  [1196.8253968253969,
   1146.875,
   1150.0,
   1327.8688524590164,
   1121.875,
   1209.5238095238096,
   1118.75,
   1021.2121212121212,
   1232.258064516129,
   1070.7692307692307],
  [1209.5238095238096,
   1168.2539682539682,
   1142.857142857143,
   1146.875,
   1241.9354838709678,
   1245.1612903225807,
   1219.3548387096773,
   1190.4761904761904,
   1180.952380952381,
   1125.0],
  [1196.8253968253969,
   1241.9354838709678,
   1219.3548387096773,
   1245.1612903225807,
   1209.5238095238096,
   1070.7692307692307,
   1248.3870967741937,
   1232.258064516129,
   1070.7692307692307,
   1219.3548387096773],
  [1115.625,
   1193.6507936507937,
   1118.75,
   1168.2539682539682,
   1165.079365079365,
   1168.2539682539682,
   1146.875,
   1168.2539682539682,
   1184.126984126984,
   1232.258064516129],
  [1146.875,
   1184.126984126984,
   1251.6129032258063,
   1245.1612903225807,
   1277.4193548387098,
   1196.8253968253969,
   1190.4761904761904,
   1115.625,
   1054.5454545454545,
   1146.875]],
 [[1125.0,
   1165.079365079365,
   1245.1612903225807,
   1168.2539682539682,
   1245.1612903225807,
   1143.75,
   1219.3548387096773,
   1171.4285714285713,
   1098.4615384615386,
   1118.75],
  [1073.8461538461538,
   1241.9354838709678,
   1277.4193548387098,
   1046.1538461538462,
   1196.8253968253969,
   1168.2539682539682,
   1115.625,
   1121.875,
   1083.076923076923,
   1241.9354838709678],
  [1150.0,
   1067.6923076923076,
   1168.2539682539682,
   1219.3548387096773,
   1193.6507936507937,
   1118.75,
   1165.079365079365,
   1174.6031746031747,
   1093.75,
   1196.8253968253969],
  [1219.3548387096773,
   1146.875,
   1193.6507936507937,
   1118.75,
   1258.0645161290322,
   1277.4193548387098,
   1070.7692307692307,
   1196.8253968253969,
   1168.2539682539682,
   1101.5384615384614],
  [1278.688524590164,
   1193.6507936507937,
   1180.952380952381,
   1200.0,
   1245.1612903225807,
   1168.2539682539682,
   1209.5238095238096,
   1165.079365079365,
   1196.8253968253969,
   1219.3548387096773],
  [1143.75,
   1196.8253968253969,
   1200.0,
   1219.3548387096773,
   1184.126984126984,
   1245.1612903225807,
   1168.2539682539682,
   1180.952380952381,
   1165.079365079365,
   1027.2727272727273],
  [1070.7692307692307,
   1200.0,
   1241.9354838709678,
   1150.0,
   1098.4615384615386,
   1171.4285714285713,
   1241.9354838709678,
   1115.625,
   1131.25,
   1248.3870967741937],
  [1245.1612903225807,
   1101.5384615384614,
   1174.6031746031747,
   1121.875,
   1150.0,
   1131.25,
   1121.875,
   1190.4761904761904,
   1168.2539682539682,
   1190.4761904761904]],
 [[1118.75,
   1168.2539682539682,
   1171.4285714285713,
   1295.0819672131147,
   1118.75,
   1298.360655737705,
   1209.5238095238096,
   1245.1612903225807,
   1216.1290322580646,
   1196.8253968253969],
  [1131.25,
   1241.9354838709678,
   1143.75,
   1248.3870967741937,
   1115.625,
   1232.258064516129,
   1118.75,
   1070.7692307692307,
   1245.1612903225807,
   1248.3870967741937],
  [1248.3870967741937,
   1196.8253968253969,
   1248.3870967741937,
   1027.2727272727273,
   1228.5714285714287,
   1216.1290322580646,
   1165.079365079365,
   1193.6507936507937,
   1118.75,
   1118.75],
  [1070.7692307692307,
   1070.7692307692307,
   1238.7096774193549,
   1193.6507936507937,
   1219.3548387096773,
   1245.1612903225807,
   1180.952380952381,
   1070.7692307692307,
   1115.625,
   1027.2727272727273],
  [1248.3870967741937,
   1225.8064516129032,
   1193.6507936507937,
   1165.079365079365,
   1219.3548387096773,
   1168.2539682539682,
   1070.7692307692307,
   1193.6507936507937,
   1180.952380952381,
   1196.8253968253969],
  [1115.625,
   1165.079365079365,
   1251.6129032258063,
   1098.4615384615386,
   1193.6507936507937,
   1193.6507936507937,
   1196.8253968253969,
   1121.875,
   1073.8461538461538,
   1180.952380952381],
  [1131.25,
   1146.875,
   1232.258064516129,
   1196.8253968253969,
   1171.4285714285713,
   1115.625,
   1193.6507936507937,
   1180.952380952381,
   1146.875,
   1295.0819672131147],
  [1258.0645161290322,
   1146.875,
   1168.2539682539682,
   1248.3870967741937,
   1070.7692307692307,
   1121.875,
   1171.4285714285713,
   1219.3548387096773,
   1150.0,
   1171.4285714285713]],
 [[1232.258064516129,
   1118.75,
   1232.258064516129,
   1165.079365079365,
   1070.7692307692307,
   1295.0819672131147,
   1174.6031746031747,
   1021.2121212121212,
   1115.625,
   1209.5238095238096],
  [1180.952380952381,
   1298.360655737705,
   1278.688524590164,
   1261.2903225806451,
   1219.3548387096773,
   1272.1311475409836,
   1225.8064516129032,
   1216.1290322580646,
   1193.6507936507937,
   1295.0819672131147],
  [1245.1612903225807,
   1272.1311475409836,
   1193.6507936507937,
   1248.3870967741937,
   1219.3548387096773,
   1143.75,
   1174.6031746031747,
   1219.3548387096773,
   1118.75,
   1219.3548387096773],
  [1248.3870967741937,
   1168.2539682539682,
   1291.8032786885246,
   1295.0819672131147,
   1232.258064516129,
   1180.952380952381,
   1196.8253968253969,
   1301.639344262295,
   1301.639344262295,
   1143.75],
  [1190.4761904761904,
   1225.8064516129032,
   1232.258064516129,
   1118.75,
   1235.483870967742,
   1196.8253968253969,
   1070.7692307692307,
   1196.8253968253969,
   1219.3548387096773,
   1027.2727272727273],
  [1272.1311475409836,
   1285.2459016393443,
   1193.6507936507937,
   1118.75,
   1298.360655737705,
   1200.0,
   1241.9354838709678,
   1171.4285714285713,
   1193.6507936507937,
   1209.5238095238096],
  [1143.75,
   1150.0,
   1196.8253968253969,
   1118.75,
   1146.875,
   1118.75,
   1295.0819672131147,
   1121.875,
   1248.3870967741937,
   1131.25],
  [1168.2539682539682,
   1219.3548387096773,
   1241.9354838709678,
   1118.75,
   1174.6031746031747,
   1196.8253968253969,
   1168.2539682539682,
   1245.1612903225807,
   1083.076923076923,
   1190.4761904761904]],
 [[1067.6923076923076,
   1046.1538461538462,
   1216.1290322580646,
   1245.1612903225807,
   1301.639344262295,
   1248.3870967741937,
   1245.1612903225807,
   1168.2539682539682,
   1073.8461538461538,
   1245.1612903225807],
  [1200.0,
   1261.2903225806451,
   1146.875,
   1196.8253968253969,
   1196.8253968253969,
   1254.8387096774193,
   1165.079365079365,
   1180.952380952381,
   1219.3548387096773,
   1209.5238095238096],
  [1073.8461538461538,
   1248.3870967741937,
   1278.688524590164,
   1165.079365079365,
   1174.6031746031747,
   1118.75,
   1232.258064516129,
   1295.0819672131147,
   1285.2459016393443,
   1232.258064516129],
  [1301.639344262295,
   1232.258064516129,
   1180.952380952381,
   1272.1311475409836,
   1180.952380952381,
   1150.0,
   1168.2539682539682,
   1180.952380952381,
   1118.75,
   1115.625],
  [1245.1612903225807,
   1180.952380952381,
   1146.875,
   1245.1612903225807,
   1291.8032786885246,
   1238.7096774193549,
   1238.7096774193549,
   1180.952380952381,
   1254.8387096774193,
   1285.2459016393443],
  [1225.8064516129032,
   1225.8064516129032,
   1027.2727272727273,
   1174.6031746031747,
   1268.8524590163934,
   1245.1612903225807,
   1268.8524590163934,
   1285.2459016393443,
   1115.625,
   1168.2539682539682],
  [1180.952380952381,
   1245.1612903225807,
   1180.952380952381,
   1245.1612903225807,
   1118.75,
   1219.3548387096773,
   1046.1538461538462,
   1219.3548387096773,
   1245.1612903225807,
   1235.483870967742],
  [1121.875,
   1131.25,
   1121.875,
   1232.258064516129,
   1225.8064516129032,
   1193.6507936507937,
   1209.5238095238096,
   1248.3870967741937,
   1248.3870967741937,
   1268.8524590163934]],
 [[1118.75,
   1193.6507936507937,
   1219.3548387096773,
   1295.0819672131147,
   1180.952380952381,
   1193.6507936507937,
   1200.0,
   1196.8253968253969,
   1196.8253968253969,
   1165.079365079365],
  [1238.7096774193549,
   1245.1612903225807,
   1219.3548387096773,
   1209.5238095238096,
   1272.1311475409836,
   1196.8253968253969,
   1121.875,
   1291.8032786885246,
   1301.639344262295,
   1024.2424242424242],
  [1024.2424242424242,
   1275.4098360655737,
   1150.0,
   1196.8253968253969,
   1196.8253968253969,
   1190.4761904761904,
   1261.2903225806451,
   1288.5245901639344,
   1261.2903225806451,
   1241.9354838709678],
  [1251.6129032258063,
   1232.258064516129,
   1180.952380952381,
   1150.0,
   1171.4285714285713,
   1295.0819672131147,
   1301.639344262295,
   1168.2539682539682,
   1073.8461538461538,
   1165.079365079365],
  [1027.2727272727273,
   1118.75,
   1193.6507936507937,
   1232.258064516129,
   1121.875,
   1261.2903225806451,
   1222.5806451612902,
   1196.8253968253969,
   1248.3870967741937,
   1180.952380952381],
  [1235.483870967742,
   1165.079365079365,
   1146.875,
   1295.0819672131147,
   1196.8253968253969,
   1196.8253968253969,
   1070.7692307692307,
   1118.75,
   1232.258064516129,
   1146.875],
  [1200.0,
   1254.8387096774193,
   1073.8461538461538,
   1143.75,
   1295.0819672131147,
   1277.4193548387098,
   1190.4761904761904,
   1118.75,
   1027.2727272727273,
   1248.3870967741937],
  [1180.952380952381,
   1272.1311475409836,
   1070.7692307692307,
   1245.1612903225807,
   1245.1612903225807,
   1308.1967213114754,
   1073.8461538461538,
   1150.0,
   1121.875,
   1121.875]],
 [[1245.1612903225807,
   1180.952380952381,
   1067.6923076923076,
   1301.639344262295,
   1168.2539682539682,
   1180.952380952381,
   1190.4761904761904,
   1146.875,
   1216.1290322580646,
   1254.8387096774193],
  [1146.875,
   1245.1612903225807,
   1146.875,
   1278.688524590164,
   1245.1612903225807,
   1165.079365079365,
   1180.952380952381,
   1288.5245901639344,
   1219.3548387096773,
   1196.8253968253969],
  [1168.2539682539682,
   1245.1612903225807,
   1073.8461538461538,
   1248.3870967741937,
   1285.2459016393443,
   1245.1612903225807,
   1118.75,
   1216.1290322580646,
   1171.4285714285713,
   1196.8253968253969],
  [1168.2539682539682,
   1304.9180327868853,
   1193.6507936507937,
   1121.875,
   1241.9354838709678,
   1245.1612903225807,
   1241.9354838709678,
   1193.6507936507937,
   1168.2539682539682,
   1146.875],
  [1193.6507936507937,
   1196.8253968253969,
   1241.9354838709678,
   1168.2539682539682,
   1216.1290322580646,
   1121.875,
   1165.079365079365,
   1174.6031746031747,
   1196.8253968253969,
   1295.0819672131147],
  [1196.8253968253969,
   1168.2539682539682,
   1248.3870967741937,
   1193.6507936507937,
   1272.1311475409836,
   1193.6507936507937,
   1241.9354838709678,
   1131.25,
   1245.1612903225807,
   1190.4761904761904],
  [1304.9180327868853,
   1245.1612903225807,
   1219.3548387096773,
   1241.9354838709678,
   1143.75,
   1070.7692307692307,
   1070.7692307692307,
   1248.3870967741937,
   1245.1612903225807,
   1168.2539682539682],
  [1245.1612903225807,
   1165.079365079365,
   1070.7692307692307,
   1073.8461538461538,
   1261.2903225806451,
   1115.625,
   1219.3548387096773,
   1165.079365079365,
   1301.639344262295,
   1245.1612903225807]],
 [[1245.1612903225807,
   1150.0,
   1241.9354838709678,
   1073.8461538461538,
   1180.952380952381,
   1245.1612903225807,
   1245.1612903225807,
   1168.2539682539682,
   1196.8253968253969,
   1346.6666666666667],
  [1115.625,
   1232.258064516129,
   1171.4285714285713,
   1171.4285714285713,
   1168.2539682539682,
   1291.8032786885246,
   1216.1290322580646,
   1251.6129032258063,
   1295.0819672131147,
   1168.2539682539682],
  [1098.4615384615386,
   1118.75,
   1248.3870967741937,
   1196.8253968253969,
   1216.1290322580646,
   1346.6666666666667,
   1295.0819672131147,
   1350.0,
   1245.1612903225807,
   1027.2727272727273],
  [1314.7540983606557,
   1258.0645161290322,
   1150.0,
   1219.3548387096773,
   1241.9354838709678,
   1150.0,
   1272.1311475409836,
   1190.4761904761904,
   1295.0819672131147,
   1146.875],
  [1180.952380952381,
   1209.5238095238096,
   1196.8253968253969,
   1118.75,
   1118.75,
   1168.2539682539682,
   1165.079365079365,
   1248.3870967741937,
   1245.1612903225807,
   1245.1612903225807],
  [1245.1612903225807,
   1168.2539682539682,
   1288.5245901639344,
   1193.6507936507937,
   1232.258064516129,
   1248.3870967741937,
   1219.3548387096773,
   1248.3870967741937,
   1118.75,
   1118.75],
  [1174.6031746031747,
   1150.0,
   1180.952380952381,
   1295.0819672131147,
   1193.6507936507937,
   1174.6031746031747,
   1121.875,
   1193.6507936507937,
   1200.0,
   1248.3870967741937],
  [1070.7692307692307,
   1118.75,
   1232.258064516129,
   1251.6129032258063,
   1118.75,
   1121.875,
   1193.6507936507937,
   1200.0,
   1115.625,
   1245.1612903225807]],
 [[1245.1612903225807,
   1261.2903225806451,
   1219.3548387096773,
   1353.3333333333333,
   1327.8688524590164,
   1196.8253968253969,
   1248.3870967741937,
   1285.2459016393443,
   1288.5245901639344,
   1298.360655737705],
  [1314.7540983606557,
   1245.1612903225807,
   1308.1967213114754,
   1245.1612903225807,
   1278.688524590164,
   1184.126984126984,
   1245.1612903225807,
   1150.0,
   1245.1612903225807,
   1174.6031746031747],
  [1241.9354838709678,
   1196.8253968253969,
   1118.75,
   1165.079365079365,
   1235.483870967742,
   1311.4754098360656,
   1288.5245901639344,
   1251.6129032258063,
   1073.8461538461538,
   1118.75],
  [1180.952380952381,
   1196.8253968253969,
   1193.6507936507937,
   1196.8253968253969,
   1193.6507936507937,
   1209.5238095238096,
   1261.2903225806451,
   1304.9180327868853,
   1143.75,
   1024.2424242424242],
  [1121.875,
   1196.8253968253969,
   1118.75,
   1232.258064516129,
   1241.9354838709678,
   1241.9354838709678,
   1115.625,
   1272.1311475409836,
   1278.688524590164,
   1196.8253968253969],
  [1150.0,
   1278.688524590164,
   1301.639344262295,
   1196.8253968253969,
   1150.0,
   1295.0819672131147,
   1277.4193548387098,
   1272.1311475409836,
   1245.1612903225807,
   1193.6507936507937],
  [1219.3548387096773,
   1248.3870967741937,
   1143.75,
   1193.6507936507937,
   1272.1311475409836,
   1298.360655737705,
   1298.360655737705,
   1150.0,
   1219.3548387096773,
   1115.625],
  [1196.8253968253969,
   1241.9354838709678,
   1232.258064516129,
   1121.875,
   1245.1612903225807,
   1241.9354838709678,
   1115.625,
   1180.952380952381,
   1196.8253968253969,
   1196.8253968253969]],
 [[1196.8253968253969,
   1193.6507936507937,
   1118.75,
   1314.7540983606557,
   1245.1612903225807,
   1245.1612903225807,
   1219.3548387096773,
   1370.0,
   1245.1612903225807,
   1219.3548387096773],
  [1196.8253968253969,
   1190.4761904761904,
   1248.3870967741937,
   1295.0819672131147,
   1301.639344262295,
   1190.4761904761904,
   1298.360655737705,
   1196.8253968253969,
   1196.8253968253969,
   1150.0],
  [1070.7692307692307,
   1150.0,
   1196.8253968253969,
   1277.4193548387098,
   1193.6507936507937,
   1248.3870967741937,
   1118.75,
   1238.7096774193549,
   1301.639344262295,
   1143.75],
  [1245.1612903225807,
   1174.6031746031747,
   1165.079365079365,
   1125.0,
   1171.4285714285713,
   1254.8387096774193,
   1168.2539682539682,
   1168.2539682539682,
   1245.1612903225807,
   1232.258064516129],
  [1168.2539682539682,
   1248.3870967741937,
   1295.0819672131147,
   1070.7692307692307,
   1232.258064516129,
   1168.2539682539682,
   1245.1612903225807,
   1248.3870967741937,
   1222.5806451612902,
   1190.4761904761904],
  [1168.2539682539682,
   1150.0,
   1196.8253968253969,
   1219.3548387096773,
   1118.75,
   1180.952380952381,
   1196.8253968253969,
   1248.3870967741937,
   1241.9354838709678,
   1193.6507936507937],
  [1165.079365079365,
   1174.6031746031747,
   1245.1612903225807,
   1248.3870967741937,
   1277.4193548387098,
   1131.25,
   1225.8064516129032,
   1000.0,
   1285.2459016393443,
   1258.0645161290322],
  [1196.8253968253969,
   1196.8253968253969,
   1327.8688524590164,
   1304.9180327868853,
   1216.1290322580646,
   1225.8064516129032,
   1180.952380952381,
   1115.625,
   1168.2539682539682,
   1196.8253968253969]]]